2
4
6
8
10
12
14
16
18
20
22
24
26
28
30
32
34
36
38
40
42
44
46
48
50
52
54
56
58
60
62
64
66
68
70
72
74
76
78
80
82
84
86
88
90
92
94
96
98
100
6 2
6 4
8 2
8 6
10 4
10 6
12 2
12 4
12 6
12 8
12 10
14 2
14 6
14 8
14 12
16 4
16 6
16 10
16 12
18 2
18 4
18 6
18 8
18 10
18 12
18 14
18 16
20 2
20 6
20 8
20 12
20 14
20 18
22 4
22 6
22 10
22 12
22 16
22 18
24 2
24 4
24 6
24 8
24 10
24 12
24 14
24 16
24 18
24 20
24 22
26 2
26 6
26 8
26 12
26 14
26 18
26 20
26 24
28 4
28 6
28 10
28 12
28 16
28 18
28 22
28 24
30 2
30 4
30 6
30 8
30 10
30 12
30 14
30 16
30 18
30 20
30 22
30 24
30 26
30 28
32 2
32 6
32 8
32 12
32 14
32 18
32 20
32 24
32 26
32 30
34 4
34 6
34 10
34 12
34 16
34 18
34 22
34 24
34 28
34 30
36 2
36 4
36 6
36 8
36 10
36 12
36 14
36 16
36 18
36 20
36 22
36 24
36 26
36 28
36 30
36 32
36 34
38 2
38 6
38 8
38 12
38 14
38 18
38 20
38 24
38 26
38 30
38 32
38 36
40 4
40 6
40 10
40 12
40 16
40 18
40 22
40 24
40 28
40 30
40 34
40 36
42 2
42 4
42 6
42 8
42 10
42 12
42 14
42 16
42 18
42 20
42 22
42 24
42 26
42 28
42 30
42 32
42 34
42 36
42 38
42 40
44 2
44 6
44 8
44 12
44 14
44 18
44 20
44 24
44 26
44 30
44 32
44 36
44 38
44 42
46 4
46 6
46 10
46 12
46 16
46 18
46 22
46 24
46 28
46 30
46 34
46 36
46 40
46 42
48 2
48 4
48 6
48 8
48 10
48 12
48 14
48 16
48 18
48 20
48 22
48 24
48 26
48 28
48 30
48 32
48 34
48 36
48 38
48 40
48 42
48 44
48 46
50 2
50 6
50 8
50 12
50 14
50 18
50 20
50 24
50 26
50 30
50 32
50 36
50 38
50 42
50 44
50 48
52 4
52 6
52 10
52 12
52 16
52 18
52 22
52 24
52 28
52 30
52 34
52 36
52 40
52 42
52 46
52 48
54 2
54 4
54 6
54 8
54 10
54 12
54 14
54 16
54 18
54 20
54 22
54 24
54 26
54 28
54 30
54 32
54 34
54 36
54 38
54 40
54 42
54 44
54 46
54 48
54 50
54 52
56 2
56 6
56 8
56 12
56 14
56 18
56 20
56 24
56 26
56 30
56 32
56 36
56 38
56 42
56 44
56 48
56 50
56 54
58 4
58 6
58 10
58 12
58 16
58 18
58 22
58 24
58 28
58 30
58 34
58 36
58 40
58 42
58 46
58 48
58 52
58 54
60 2
60 4
60 6
60 8
60 10
60 12
60 14
60 16
60 18
60 20
60 22
60 24
60 26
60 28
60 30
60 32
60 34
60 36
60 38
60 40
60 42
60 44
60 46
60 48
60 50
60 52
60 54
60 56
60 58
62 2
62 6
62 8
62 12
62 14
62 18
62 20
62 24
62 26
62 30
62 32
62 36
62 38
62 42
62 44
62 48
62 50
62 54
62 56
62 60
64 4
64 6
64 10
64 12
64 16
64 18
64 22
64 24
64 28
64 30
64 34
64 36
64 40
64 42
64 46
64 48
64 52
64 54
64 58
64 60
66 2
66 4
66 6
66 8
66 10
66 12
66 14
66 16
66 18
66 20
66 22
66 24
66 26
66 28
66 30
66 32
66 34
66 36
66 38
66 40
66 42
66 44
66 46
66 48
66 50
66 52
66 54
66 56
66 58
66 60
66 62
66 64
68 2
68 6
68 8
68 12
68 14
68 18
68 20
68 24
68 26
68 30
68 32
68 36
68 38
68 42
68 44
68 48
68 50
68 54
68 56
68 60
68 62
68 66
70 4
70 6
70 10
70 12
70 16
70 18
70 22
70 24
70 28
70 30
70 34
70 36
70 40
70 42
70 46
70 48
70 52
70 54
70 58
70 60
70 64
70 66
72 2
72 4
72 6
72 8
72 10
72 12
72 14
72 16
72 18
72 20
72 22
72 24
72 26
72 28
72 30
72 32
72 34
72 36
72 38
72 40
72 42
72 44
72 46
72 48
72 50
72 52
72 54
72 56
72 58
72 60
72 62
72 64
72 66
72 68
72 70
74 2
74 6
74 8
74 12
74 14
74 18
74 20
74 24
74 26
74 30
74 32
74 36
74 38
74 42
74 44
74 48
74 50
74 54
74 56
74 60
74 62
74 66
74 68
74 72
76 4
76 6
76 10
76 12
76 16
76 18
76 22
76 24
76 28
76 30
76 34
76 36
76 40
76 42
76 46
76 48
76 52
76 54
76 58
76 60
76 64
76 66
76 70
76 72
78 2
78 4
78 6
78 8
78 10
78 12
78 14
78 16
78 18
78 20
78 22
78 24
78 26
78 28
78 30
78 32
78 34
78 36
78 38
78 40
78 42
78 44
78 46
78 48
78 50
78 52
78 54
78 56
78 58
78 60
78 62
78 64
78 66
78 68
78 70
78 72
78 74
78 76
80 2
80 6
80 8
80 12
80 14
80 18
80 20
80 24
80 26
80 30
80 32
80 36
80 38
80 42
80 44
80 48
80 50
80 54
80 56
80 60
80 62
80 66
80 68
80 72
80 74
80 78
82 4
82 6
82 10
82 12
82 16
82 18
82 22
82 24
82 28
82 30
82 34
82 36
82 40
82 42
82 46
82 48
82 52
82 54
82 58
82 60
82 64
82 66
82 70
82 72
82 76
82 78
84 2
84 4
84 6
84 8
84 10
84 12
84 14
84 16
84 18
84 20
84 22
84 24
84 26
84 28
84 30
84 32
84 34
84 36
84 38
84 40
84 42
84 44
84 46
84 48
84 50
84 52
84 54
84 56
84 58
84 60
84 62
84 64
84 66
84 68
84 70
84 72
84 74
84 76
84 78
84 80
84 82
86 2
86 6
86 8
86 12
86 14
86 18
86 20
86 24
86 26
86 30
86 32
86 36
86 38
86 42
86 44
86 48
86 50
86 54
86 56
86 60
86 62
86 66
86 68
86 72
86 74
86 78
86 80
86 84
88 4
88 6
88 10
88 12
88 16
88 18
88 22
88 24
88 28
88 30
88 34
88 36
88 40
88 42
88 46
88 48
88 52
88 54
88 58
88 60
88 64
88 66
88 70
88 72
88 76
88 78
88 82
88 84
90 2
90 4
90 6
90 8
90 10
90 12
90 14
90 16
90 18
90 20
90 22
90 24
90 26
90 28
90 30
90 32
90 34
90 36
90 38
90 40
90 42
90 44
90 46
90 48
90 50
90 52
90 54
90 56
90 58
90 60
90 62
90 64
90 66
90 68
90 70
90 72
90 74
90 76
90 78
90 80
90 82
90 84
90 86
90 88
92 2
92 6
92 8
92 12
92 14
92 18
92 20
92 24
92 26
92 30
92 32
92 36
92 38
92 42
92 44
92 48
92 50
92 54
92 56
92 60
92 62
92 66
92 68
92 72
92 74
92 78
92 80
92 84
92 86
92 90
94 4
94 6
94 10
94 12
94 16
94 18
94 22
94 24
94 28
94 30
94 34
94 36
94 40
94 42
94 46
94 48
94 52
94 54
94 58
94 60
94 64
94 66
94 70
94 72
94 76
94 78
94 82
94 84
94 88
94 90
96 2
96 4
96 6
96 8
96 10
96 12
96 14
96 16
96 18
96 20
96 22
96 24
96 26
96 28
96 30
96 32
96 34
96 36
96 38
96 40
96 42
96 44
96 46
96 48
96 50
96 52
96 54
96 56
96 58
96 60
96 62
96 64
96 66
96 68
96 70
96 72
96 74
96 76
96 78
96 80
96 82
96 84
96 86
96 88
96 90
96 92
96 94
98 2
98 6
98 8
98 12
98 14
98 18
98 20
98 24
98 26
98 30
98 32
98 36
98 38
98 42
98 44
98 48
98 50
98 54
98 56
98 60
98 62
98 66
98 68
98 72
98 74
98 78
98 80
98 84
98 86
98 90
98 92
98 96
100 4
100 6
100 10
100 12
100 16
100 18
100 22
100 24
100 28
100 30
100 34
100 36
100 40
100 42
100 46
100 48
100 52
100 54
100 58
100 60
100 64
100 66
100 70
100 72
100 76
100 78
100 82
100 84
100 88
100 90
100 94
100 96
